0.0302601234032
0.0100452361306
-0.0449300112664
-0.0352635933722
0.0303194100456
-0.0293428058288
0.0144990266125
0.0333978187601
-0.0203570647539
-0.00010939265314
-0.0722839030982
0.0487883659958
-0.0168092903405
0.00447949436166
0.0702290228028
0.0291819898543
0.00485597807374
0.00375366758832
0.0246610958938
0.0116282302383
0.0127611819623
0.0216466294822
0.0315454228516
0.0484155046986
-0.0728857625536
-0.0304086646679
-0.0170677878508
0.0273211642074
0.0660848652253
0.0837851714912
-0.0418617433891
-0.0539246434374
-0.000604139735757
-0.034755442333
-0.0328250029684
-0.00578118272143
-0.0317711544404
0.0483077620046
-0.0402988504863
0.0813627686726
-0.0282946699746
0.00439639610863
-0.00437994149173
0.0166522544252
0.0559984389787
-0.0253486380584
0.0285169294483
-0.0166146137279
0.054341487012
-0.0431650379941
0.010532166293
-0.0344883059381
-0.0961334916371
0.0289961920631
0.0614016141243
0.0012637003221
0.0523017416931
0.0260646406811
0.0214463071815
0.00850862243925
-0.0178845720358
-0.0218443448201
-0.0735759931044
-0.0139840626576
0.0273880575474
-0.0129325792164
0.0195865204727
0.0179131369478
-0.0217532914084
-0.0450853069457
0.0426428555032
-0.00641952930964
0.00746838048817
-0.11891401527
0.0451593018267
-0.0326112488613
0.0457250953394
0.00284134966782
-0.0271654925837
0.0160113352493
0.0164341056454
-0.017018831793
0.00204964561797
0.0276312489038
0.0462628161721
-0.0432597437592
-0.0331496394954
-0.00470851406855
-0.0788766363118
-0.0492887132515
0.00699977571218
0.0250756125765
-0.00223510812828
-0.0326099486898
-0.0194085391501
-0.028915720856
0.0296218016334
0.0674591856795
0.0270229886786
-0.0216828372769
0.0369269103723
0.015292120325
-0.0373365075842
-0.0372901974147
-0.0624724380726
0.00610513695748
0.00816920672423
0.034505934585
-0.00649279225864
0.0136918977175
-0.0561895073827
-0.0378173653822
-0.00545611097959
